162 817 812
57 618 57
906 360 560
592 479 940
352 342 300
466 668 158
542 29 236
431 825 988
739 650 466
52 470 668
216 146 977
819 987 18
117 168 530
805 96 715
346 949 466
970 615 88
941 993 340
862 61 35
984 92 344
425 690 689
Point(162, 817, 812)
Point(57, 618, 57)
Point(906, 360, 560)
Point(592, 479, 940)
Point(352, 342, 300)
Point(466, 668, 158)
Point(542, 29, 236)
Point(431, 825, 988)
Point(739, 650, 466)
Point(52, 470, 668)
Point(216, 146, 977)
Point(819, 987, 18)
Point(117, 168, 530)
Point(805, 96, 715)
Point(346, 949, 466)
Point(970, 615, 88)
Point(941, 993, 340)
Point(862, 61, 35)
Point(984, 92, 344)
Point(425, 690, 689)
316.902 Point(162, 817, 812) Point(425, 690, 689)
circuit = Point(162, 817, 812) Point(425, 690, 689) Point(431, 825, 988) Point(425, 690, 689) Point(346, 949, 466) 
circuit = Point(906, 360, 560) Point(805, 96, 715) Point(739, 650, 466) Point(984, 92, 344) 
circuit = Point(862, 61, 35) Point(984, 92, 344) 
circuit = Point(52, 470, 668) Point(117, 168, 530) 
circuit = Point(819, 987, 18) Point(941, 993, 340) 
